
Face Bayes
10%
0.746666666667
0.793333333333
0.753333333333
0.68
0.753333333333
20%
0.806666666667
0.773333333333
0.833333333333
0.806666666667
0.813333333333
30%
0.813333333333
0.78
0.846666666667
0.866666666667
0.8
40%
0.86
0.886666666667
0.793333333333
0.866666666667
0.833333333333
50%
0.826666666667
0.826666666667
0.9
0.866666666667
0.886666666667
60%
0.84
0.833333333333
0.866666666667
0.873333333333
0.906666666667
70%
0.86
0.846666666667
0.893333333333
0.886666666667
0.886666666667
80%
0.88
0.88
0.873333333333
0.886666666667
0.9
90%
0.88
0.9
0.913333333333
0.913333333333
0.906666666667
100%
0.913333333333
0.913333333333
0.913333333333
0.913333333333
0.913333333333

Digit Bayes
10%
0.722
0.712
0.748
0.719
0.712
20%
0.747
0.74
0.753
0.742
0.76
30%
0.751
0.781
0.766
0.757
0.774
40%
0.779
0.773
0.772
0.764
0.763
50%
0.768
0.772
0.776
0.774
0.78
60%
0.783
0.759
0.766
0.777
0.776
70%
0.783
0.784
0.78
0.784
0.773
80%
0.778
0.788
0.772
0.784
0.778
90%
0.774
0.78
0.782
0.778
0.773
100%
0.78
0.78
0.78
0.78
0.78

Face Perceptron
10%
0.713333333333
0.773333333333
0.786666666667
0.766666666667
0.793333333333
20%
0.786666666667
0.813333333333
0.84
0.806666666667
0.673333333333
30%
0.74
0.826666666667
0.846666666667
0.84
0.846666666667
40%
0.7
0.66
0.7
0.733333333333
0.833333333333
50%
0.84
0.86
0.8
0.693333333333
0.746666666667
60%
0.84
0.773333333333
0.833333333333
0.813333333333
0.733333333333
70%
0.826666666667
0.74
0.746666666667
0.866666666667
0.886666666667
80%
0.78
0.806666666667
0.833333333333
0.78
0.846666666667
90%
0.84
0.833333333333
0.806666666667
0.84
0.64
100%
0.82
0.773333333333
0.66
0.766666666667
0.646666666667

Digit Perceptron
10%
0.645
0.551
0.675
0.67
0.578
20%
0.636
0.672
0.686
0.714
0.707
30%
0.63
0.626
0.704
0.703
0.758
40%
0.724
0.711
0.735
0.701
0.709
50%
0.643
0.761
0.725
0.723
0.794
60%
0.767
0.691
0.744
0.755
0.723
70%
0.688
0.756
0.715
0.722
0.761
80%
0.721
0.692
0.735
0.783
0.731
90%
0.768
0.771
0.679
0.756
0.711
100%
0.776
0.747
0.746
0.787
0.747

Face K-Nearest
10%
0.6
0.606666666667
0.726666666667
0.653333333333
0.646666666667
20%
0.766666666667
0.733333333333
0.706666666667
0.74
0.76
30%
0.7
0.713333333333
0.693333333333
0.713333333333
0.666666666667
40%
0.746666666667
0.693333333333
0.746666666667
0.753333333333
0.72
50%
0.666666666667
0.733333333333
0.726666666667
0.72
0.733333333333
60%
0.766666666667
0.706666666667
0.72
0.74
0.773333333333
70%
0.753333333333
0.786666666667
0.746666666667
0.766666666667
0.706666666667
80%
0.74
0.733333333333
0.733333333333
0.726666666667
0.733333333333
90%
0.74
0.74
0.74
0.753333333333
0.753333333333
100%
0.753333333333
0.753333333333
0.753333333333
0.753333333333
0.753333333333

Digit K-Nearest
10%
0.825
0.79
0.826
0.813
0.812
20%
0.864
0.852
0.852
0.833
0.843
30%
0.875
0.867
0.875
0.878
0.868
40%
0.878
0.871
0.878
0.888
0.88
50%
0.878
0.884
0.883
0.889
0.893
60%
0.895
0.894
0.89
0.878
0.891
70%
0.893
0.9
0.899
0.908
0.904
80%
0.908
0.9
0.904
0.897
0.9
90%
0.903
0.907
0.901
0.904
0.903
100%
0.907
0.908
0.909
0.908
0.908